1
392
1
456
3
482
1
509
1
591
3
611
1
638
1
724
3
746
0
771
0
812
0
849
0
892
1
929
3
990
1
1014
3
1037
1
1122
3
1160
1
1184
4
1230
3
1270
1
1288
3
1303
3
1346
3
1383
3
1420
1
1457
1
1492
3
1521
1
1546
3
1573
3
1626
1
1652
3
1680
1
1710
1
1757
1
1787
3
1815
1
1846
1
1884
1
1918
1
1952
1
1985
1
2020
1
2051
3
2074
1
2102
1
2151
0
2182
3
2208
1
2235
1
2281
2
2316
3
2342
1
2368
1
2415
1
2449
1
2484
4
2516
1
2548
4
2580
1
2613
4
2644
1
2678
4
2711
1
2747
4
2782
4
2815
3
2830
4
2848
4
2881
3
2900
4
2913
2
2948
4
2981
2
3014
4
3044
0
3077
4
3111
0
3146
4
3178
1
3207
4
3243
3
3275
4
3309
2
3340
4
3374
0
3408
4
3441
3
3471
4
3504
0
3515
4
3537
3
3550
4
3573
1
3605
4
3642
2
3674
4
3707
2
3739
2
3775
2
3808
3
3840
4
3874
0
3904
4
3939
1
3971
4
4005
3
4037
4
4070
0
4104
0
4138
1
4172
1
4202
0
4232
1
4264
0
4299
1
4333
3
4370
3
4405
2
4437
1
4471
2
4503
1
4536
2
4571
2
4606
3
4634
3
4645
0
4667
3
4700
0
4734
1
4766
1
4802
1
4835
1
4871
1
4903
3
4933
1
4962
1
5001
1
5035
3
5065
0
5082
0
5128
1
5163
1
5197
3
5230
3
5262
1
5296
1
5332
2
5363
1
5397
3
5430
3
5438
2
5461
1
5490
1
5532
3
5562
1
5594
2
5628
3
5660
1
5693
2
5721
3
5747
0
5765
1
5791
3
5819
2
5854
1
5888
3
5920
0
5952
3
5990
0
6024
3
6056
0
6089
3
6124
0
6160
3
6192
0
6226
3
6259
1
6294
2
6330
4
6363
0
6391
4
6430
4
6444
0
6461
3
6492
1
6525
3
6559
2
6594
0
6624
3
6656
1
6692
3
6723
2
6756
0
6791
1
6818
3
6855
0
6888
1
6913
3
6939
0
6956
1
6986
1
6996
3
7016
1
7053
3
7087
0
7118
1
7146
2
7185
3
7219
3
7251
3
7286
2
7304
3
7319
3
7349
1
7385
3
7421
2
7449
3
7466
3
7514
1
7550
0
7583
0
7615
3
7650
3
7667
1
7684
2
7716
3
7751
1
7784
0
7817
0
7848
3
7876
1
7913
3
7949
3
7981
0
7998
0
8008
0
8039
1
8074
2
8099
3
8126
0
8145
1
8169
3
8195
2
8213
2
8243
4
8274
1
8304
4
8339
1
8376
4
8411
1
8444
4
8477
1
8512
4
8544
1
8579
3
8612
4
8647
3
8678
4
8713
0
8746
4
8780
0
8814
4
8847
1
8877
4
8911
1
8945
4
8980
3
9013
4
9044
0
9075
4
9108
3
9140
4
9173
1
9205
4
9238
3
9270
4
9304
0
9336
4
9370
3
9405
4
9439
1
9471
4
9501
0
9503
4
9534
0
9568
4
9604
4
9620
3
9639
4
9668
1
9703
4
9737
3
9768
4
9801
1
9835
4
9868
2
9901
3
9934
0
9968
1
9999
3
10032
1
10071
3
10100
2
10120
2
10159
0
10197
3
10227
1
10264
3
10297
2
10330
0
10365
2
10401
3
10434
1
10469
4
10490
3
10500
2
10530
0
10565
1
10597
3
10631
2
10665
3
10698
1
10728
3
10752
0
10778
3
10797
1
10822
3
10847
2
10865
2
10895
2
10925
2
10961
3
10992
3
11024
1
11055
3
11089
1
11126
3
11162
1
11197
4
11232
4
11240
1
11264
4
11297
1
11327
4
11360
1
11399
3
11416
1
11463
3
11486
1
11516
1
11593
3
11617
1
11647
1
11724
3
11751
2
11777
2
11825
2
11860
2
11893
1
11926
1
11994
3
12020
1
12049
1
12121
3
12149
1
12177
1
12252
3
12280
1
12308
1
12353
0
12387
3
12420
1
12456
1
12491
1
12523
3
12546
1
12572
1
12618
1
12655
3
12677
1
12704
1
12714
1
12748
1
12785
3
12810
2
12835
2
12882
2
12918
2
12952
1
12984
1
13022
1
13056
3
13077
1
13104
1
13153
1
13186
3
13207
1
13233
1
13280
1
13317
3
13339
0
13365
0
13416
0
13452
0
13483
1
13515
1
13552
1
13580
3
13605
1
13631
1
13677
1
13711
3
13733
1
13760
1
13805
1
13843
3
13870
4
13897
0
13942
3
13975
1
14012
4
14046
