1
-120
1
-97
1
-75
1
-46
1
-27
1
-10
1
-2
1
6
1
25
1
58
1
78
1
97
1
112
1
128
1
162
1
194
1
211
1
232
1
248
1
265
1
298
1
329
1
350
1
365
1
381
1
399
1
437
1
473
3
506
0
528
3
539
1
570
3
599
0
610
3
644
4
679
4
716
4
750
3
782
1
806
3
817
0
849
3
875
4
885
1
890
1
919
3
950
2
984
3
1020
1
1054
3
1088
0
1108
3
1153
1
1167
3
1193
1
1227
3
1247
0
1280
3
1297
1
1328
3
1355
2
1364
3
1397
0
1421
3
1432
3
1467
1
1502
3
1537
3
1572
0
1576
4
1605
3
1610
1
1639
3
1660
0
1700
3
1713
1
1743
3
1778
0
1795
3
1836
1
1851
3
1881
1
1910
3
1944
1
1982
3
2017
4
2052
4
2090
4
2124
4
2160
4
2178
4
2194
